1.906198978214982409e-01
9.999955209356625740e-02
5.569464598463150784e-01
3.520926354604621000e-01
6.269963444635637817e-01
7.371817561912804573e-01
3.282528707167500226e-01
2.143334417552779092e-01
1.518192073162597522e-01
8.889343148118377114e-01
8.101657830771802349e-01
4.990381237425467464e-02
5.255072828110969319e-01
6.975992322749490215e-01
6.292502053958602959e-01
6.294162247804950816e-01
5.707145670585567210e-01
2.575548910623469689e-01
8.351712116881163661e-01
2.574714520760629233e-01
1.925747148787833041e-01
2.387750474254162203e-01
4.608447274042346553e-01
5.408728583420423508e-01
8.990368504126424742e-01
3.844657906582475970e-01
7.784908162344328364e-01
7.766947629964932043e-01
5.512269203374211557e-01
6.588636510458460993e-01
8.203197787827078979e-01
2.932127405905242679e-01
5.865288111981468155e-01
2.826141436804687768e-01
5.770613629204497386e-01
7.677778694407837445e-01
6.743545785840591167e-01
4.095919388850154386e-01
6.949744356839672177e-01
4.051640927885415966e-01
6.772906209567980396e-01
9.934909765661400494e-01
9.579131361711410442e-01
6.588859825162801664e-01
6.545882169669003936e-03
3.578902806972045214e-01
5.918553909720265516e-01
9.776586856204030340e-01
8.703559634067893347e-01
9.267479001503481362e-01
